                     Outguess  Steghide   nsF5  J-UNIWARD *
-----------------------------------------------------------
s.jpg                   0.0     [1.0]    [0.6]     0.1   1
k.jpg                  [1.0]    [1.0]    [0.9]    [0.9]  0
cl.jpg                  0.1     [1.0]    [0.5]    [0.9]  0
t-g.jpg                [1.0]    [1.0]    [1.0]    [1.0]  0
b-g-s.jpg               0.0     [1.0]    [0.9]     0.1   1
n-g-s.jpg               0.0     [1.0]    [1.0]    [1.0]  1
c-g-s.jpg               0.0     [1.0]    [0.9]     0.4   1
ti-g.jpg                0.0     [1.0]    [1.0]    [0.9]  0
cl-g.jpg                0.0     [0.9]    [0.8]    [1.0]  0
st-s.jpg                0.0     [1.0]    [0.8]    [0.7]  1
m.jpg                   0.0     [1.0]    [0.9]     0.2   0
se-s.jpg               [1.0]    [1.0]    [1.0]    [1.0]  1
fo-g-s.jpg              0.0     [1.0]    [1.0]    [1.0]  1
s-g.jpg                 0.0     [1.0]    [0.8]     0.0   1
fo-s.jpg               [1.0]    [1.0]    [0.9]    [0.7]  1
c-s.jpg                 0.0     [1.0]     0.4      0.1   0
t.jpg                  [1.0]    [1.0]    [0.9]    [0.9]  0
se-g-s.jpg             [0.5]    [1.0]    [1.0]    [1.0]  1
n-s.jpg                 0.3     [1.0]    [1.0]    [0.9]  1
st-g-s.jpg              0.0     [1.0]    [0.7]    [0.9]  1
r-g-s.jpg               0.0     [1.0]    [1.0]    [1.0]  1
p-s.jpg                [1.0]    [1.0]    [1.0]    [1.0]  1
f.jpg                   0.0     [1.0]    [0.9]    [0.9]  0
p-g-s.jpg              [1.0]    [1.0]    [1.0]    [1.0]  1
k-g.jpg                 0.2     [1.0]    [0.9]    [0.9]  0
f-g.jpg                 0.0     [1.0]    [0.8]    [1.0]  0
ti.jpg                  0.0     [1.0]    [0.9]     0.4   0
r-s.jpg                 0.3     [1.0]    [1.0]    [1.0]  1
m-g.jpg                 0.0     [1.0]    [0.9]     0.1   0
b-s.jpg                 0.0      0.1     [0.9]     0.2   0

GRAYSCALE ACCURACY: 60.0%

COLOURFUL ACCURACY: 46.6%

OVERALL ACCURACY: 53.3%

* Probability of being stego using the indicated steganographic method.

